    4
   49
   10
   24
    8
   51
   44
    6
    4
   33
   20
   39
   19
   34
   42
   21
   21
   18
   24
   36
   52
   51
   49
   25
    8
    3
   41
   22
   18
   38
   22
   18
   47
    6
   39
   25
   33
   21
    8
   31
   18
   45
   27
   24
   42
   20
    7
    8
    5
   15
   34
    1
   27
   29
   31
   18
   19
    7
    8
   12
   36
   10
   48
   44
   11
   29
   26
   30
   25
   16
   44
   42
   35
   19
   46
   32
   15
   23
   26
   32
    9
   14
   44
   47
    9
   48
    8
   36
   45
   42
   14
   39
   36
    4
   15
   52
   38
   42
    5
   40
   31
   12
   23
    2
   31
    1
   29
   37
    5
    3
   29
   10
   29
   32
   23
    2
    9
   30
   48
    8
   10
   28
    2
   30
   15
    4
   39
   15
   21
   37
   28
   40
   40
   50
   13
    3
   24
   32
   36
   40
   52
    4
   47
   44
   24
   33
   21
    9
   34
   51
   40
   34
   32
    4
    5
   32
   50
   35
   29
   43
   34
   50
   27
   42
   40
   11
    4
   18
   21
   35
    6
    6
   18
   40
   36
   16
   13
   27
   31
   30
   10
   45
    4
   42
   39
   33
    3
    4
   34
   49
   24
   42
   32
   44
   30
    9
   33
   47
   18
   33
   31
   28
   30
   29
    4
   30
   18
   19
    7
   17
   44
   30
   46
   28
   15
   42
   46
   20
   47
   16
   21
    9
    7
   21
    8
    2
   49
   38
   24
   29
   39
   20
   34
   51
   37
   16
   12
   35
   44
   35
   26
   29
   27
   20
   42
   36
   36
    8
   47
    2
   42
   37
   12
   43
   36
   24
    7
   22
   13
   12
   40
   29
   37
   25
   40
   31
    3
   21
   39
   25
    7
   48
   16
   14
   36
    7
   21
   21
   22
   49
   30
   11
   45
   27
   33
   42
   47
   22
   32
   51
   23
   32
   50
    8
    3
   52
   22
   10
   46
   13
   43
   15
    5
    9
   45
   49
   20
   29
   29
   38
   11
   12
   35
   49
   50
   25
    4
    4
   32
    5
    3
   29
   19
   19
    1
   12
    8
   28
   46
   50
   45
   49
   50
   49
    5
   45
    3
    4
   47
   44
   19
   40
    2
   23
    9
   45
   52
   39
   45
   14
    9
   21
   40
   42
   19
   24
   29
   29
    4
   45
   15
   10
   18
   25
   30
   18
   13
   13
    1
   27
   43
    6
   22
    5
   17
    7
   15
   52
   10
   25
   17
   30
   12
   50
   38
   10
   18
   12
   47
   12
   37
   23
    4
    4
   28
    7
   11
   12
    9
   32
    4
   37
    5
   28
   36
   52
   17
   14
   49
   10
   46
   45
   19
   30
   34
   43
   35
    6
   45
   21
   30
   38
   22
   42
   49
   45
   43
   43
   23
   24
   13
   22
   32
   28
    7
    9
    6
   42
   27
    5
   32
   23
   13
   15
   34
   26
   13
   13
   44
   30
   21
    2
   26
   21
   31
   31
   34
   50
   32
   46
   31
   38
    1
   34
   24
   23
   44
   28
    5
   41
    5
   43
   23
   23
   50
   27
   15
   23
   28
    5
    8
    9
   37
   16
    7
   27
   23
   32
   21
   47
   12
   38
   30
   10
   51
   26
   48
    4
   48
   15
   52
   34
    7
   48
   47
   33
    3
    5
   48
   31
   33
   48
   37
   38
   45
   34
   27
   20
   25
   34
   22
   51
   19
   21
   11
    1
   34
   34
   14
   12
   33
   35
   51
   10
   14
   43
   46
    1
    9
   35
    5
   10
   49
    5
   22
   39
   35
   48
   39
    9
   51
    1
   39
   30
   17
   34
   40
   35
   37
   27
   36
   16
    1
   43
   26
   29
   36
   46
   13
    9
   39
   32
   25
   21
   30
    7
   39
   27
   26
   26
    5
   32
   47
   49
   42
   35
   27
   28
   49
   20
   30
   44
   33
   42
   42
    9
   29
   43
   18
   14
   20
   13
   16
   28
   49
   50
    3
   24
   38
   34
   10
   43
   50
   43
   37
   43
   44
   45
   17
   44
   34
    8
   23
   31
    6
   41
   44
   17
   35
   20
   38
   21
    8
   52
   52
    1
   25
   25
   26
   28
    1
   38
   13
   26
    7
   36
   38
   41
   20
   26
   43
   36
    1
   11
    2
   38
   47
   46
   27
   41
   39
   38
   25
   18
   37
    9
    1
   14
   33
   40
   31
    8
    6
    7
   27
    9
    8
   44
   11
   34
   36
   10
   29
    2
   10
    9
   24
   42
   50
   52
   48
   10
   51
   18
   48
   44
   38
   22
   39
   36
    9
   13
   44
   27
   50
   26
   47
   49
   20
   36
   39
   20
   52
   25
    5
   27
   12
   37
   30
   48
   21
   14
    9
   37
   42
   49
   20
   42
   23
   21
   27
   17
   13
   23
   28
   47
   16
   28
   21
   43
   18
   26
   39
   29
   39
    7
   44
    9
   50
    3
   26
    9
    8
    4
   25
    8
   41
   17
   49
   27
    1
   14
   31
    7
   52
   45
    2
   36
   35
   12
   48
   22
   34
   19
   44
    8
   24
   19
   45
   41
   40
    4
   26
    5
   19
   45
   33
   46
   36
   51
   23
    7
   39
   47
   52
   37
   16
   13
   23
   20
   27
    3
   48
   38
    9
    3
   28
   40
   52
   20
   21
   10
   43
   52
    6
   47
    4
   47
    3
   39
   20
   27
   22
   34
   31
   28
    5
   29
   19
   23
    5
   40
   42
   12
    4
   17
   46
   46
   36
   15
    6
   45
    5
    9
   37
    7
    8
   46
   20
   17
    9
   52
   43
   33
   29
   37
   25
    8
   49
   28
   42
   26
   50
    7
   43
   21
    1
   17
    3
   51
   52
   48
   44
   35
   39
   10
   22
   42
   33
   20
   43
    1
    7
   19
    2
   12
   23
   32
   43
   24
   19
   18
   33
   23
   52
   17
    8
   32
   29
   39
   14
    8
    4
   51
   27
   22
   18
   49
   45
    7
   42
   30
   51
   51
    4
   33
   29
   12
   27
   13
   33
   36
   49
    1
   41
   13
   40
   19
   39
    7
   40
   28
   18
   39
    3
   51
    5
   18
   26
   23
   35
   41
    1
   49
    5
   46
   10
    9
    8
   18
   43
   49
   12
   28
   18
   38
   41
   26
   13
   25
   10
   11
   52
   49
   16
   43
    8
   35
   15
    5
   51
   47
   26
   35
   33
   46
    2
   19
   38
   40
   36
   17
   42
   43
   18
   26
    2
   25
   15
   46
   24
   15
   51
   47
   33
   14
   25
   21
   37
    7
